image: right_size.pgm
resolution: 0.050000
origin: [-23.612668, -10.211743, 0.000000]
negate: 0
occupied_thresh: 0.65
free_thresh: 0.196


