image: umma.pgm
resolution: 0.050000
# origin: [-34.416141, 26.088401, 0.000000]
origin: [0.0, 0.0, 0.000000]
negate: 0
occupied_thresh: 0.65
free_thresh: 0.196

